# Camera list with one line of data per camera:
#   CAMERA_ID, MODEL, WIDTH, HEIGHT, PARAMS[]
# Number of cameras: 64
1 SIMPLE_RADIAL 768 576 564.837 384 288 0.00105215
2 SIMPLE_RADIAL 768 576 564.311 384 288 -0.000971704
3 SIMPLE_RADIAL 768 576 567.478 384 288 -0.00252755
4 SIMPLE_RADIAL 768 576 564.53 384 288 -0.00226519
5 SIMPLE_RADIAL 768 576 565.786 384 288 -0.00228345
6 SIMPLE_RADIAL 768 576 565.665 384 288 -0.00252397
7 SIMPLE_RADIAL 768 576 565.057 384 288 0.000648306
8 SIMPLE_RADIAL 768 576 565.822 384 288 0.00369474
9 SIMPLE_RADIAL 768 576 567.663 384 288 -0.00816923
10 SIMPLE_RADIAL 768 576 563.66 384 288 -0.00164321
11 SIMPLE_RADIAL 768 576 563.281 384 288 -0.000705
12 SIMPLE_RADIAL 768 576 563.197 384 288 0.00102947
13 SIMPLE_RADIAL 768 576 562.928 384 288 -0.000359927
14 SIMPLE_RADIAL 768 576 557.333 384 288 0.000547278
15 SIMPLE_RADIAL 768 576 565.427 384 288 0.00308284
16 SIMPLE_RADIAL 768 576 564.455 384 288 -0.000790148
17 SIMPLE_RADIAL 768 576 567.434 384 288 -0.00410008
18 SIMPLE_RADIAL 768 576 567.16 384 288 -0.00198476
19 SIMPLE_RADIAL 768 576 563.252 384 288 0.00136564
20 SIMPLE_RADIAL 768 576 565.289 384 288 0.00592173
21 SIMPLE_RADIAL 768 576 564.87 384 288 0.00256312
22 SIMPLE_RADIAL 768 576 566.224 384 288 -0.000851139
23 SIMPLE_RADIAL 768 576 567.976 384 288 -0.00138609
24 SIMPLE_RADIAL 768 576 565.096 384 288 -0.00581969
25 SIMPLE_RADIAL 768 576 565.205 384 288 -6.04772e-05
26 SIMPLE_RADIAL 768 576 562.041 384 288 -0.00044936
27 SIMPLE_RADIAL 768 576 565.037 384 288 -0.00462936
28 SIMPLE_RADIAL 768 576 567.275 384 288 -0.00913669
29 SIMPLE_RADIAL 768 576 562.647 384 288 -6.18356e-05
30 SIMPLE_RADIAL 768 576 565.694 384 288 -0.00144208
31 SIMPLE_RADIAL 768 576 563.427 384 288 0.000690414
32 SIMPLE_RADIAL 768 576 563.964 384 288 0.00283326
33 SIMPLE_RADIAL 768 576 566.056 384 288 0.00308744
34 SIMPLE_RADIAL 768 576 564.165 384 288 -0.00122889
35 SIMPLE_RADIAL 768 576 563.599 384 288 -0.000865718
36 SIMPLE_RADIAL 768 576 565.764 384 288 0.00245161
37 SIMPLE_RADIAL 768 576 566.446 384 288 -0.00203088
38 SIMPLE_RADIAL 768 576 563.84 384 288 0.00156247
39 SIMPLE_RADIAL 768 576 563.541 384 288 0.00383166
40 SIMPLE_RADIAL 768 576 563.313 384 288 -0.000817238
41 SIMPLE_RADIAL 768 576 564.524 384 288 -0.00119124
42 SIMPLE_RADIAL 768 576 566.432 384 288 -0.00949415
43 SIMPLE_RADIAL 768 576 564.174 384 288 -0.00324895
44 SIMPLE_RADIAL 768 576 594.104 384 288 -0.00230408
45 SIMPLE_RADIAL 768 576 565.447 384 288 -0.00518946
46 SIMPLE_RADIAL 768 576 565.072 384 288 -0.00194823
47 SIMPLE_RADIAL 768 576 562.09 384 288 0.00078401
48 SIMPLE_RADIAL 768 576 566.306 384 288 -0.0055276
49 SIMPLE_RADIAL 768 576 566.425 384 288 -0.00125492
50 SIMPLE_RADIAL 768 576 565.819 384 288 -0.00257895
51 SIMPLE_RADIAL 768 576 564.263 384 288 -0.000886886
52 SIMPLE_RADIAL 768 576 567.442 384 288 -0.00457137
53 SIMPLE_RADIAL 768 576 563.417 384 288 -0.000913204
54 SIMPLE_RADIAL 768 576 565.988 384 288 -0.0048919
55 SIMPLE_RADIAL 768 576 562.565 384 288 0.00259371
56 SIMPLE_RADIAL 768 576 564.323 384 288 0.000691109
57 SIMPLE_RADIAL 768 576 564.15 384 288 -0.00143284
58 SIMPLE_RADIAL 768 576 564.525 384 288 -0.000135629
59 SIMPLE_RADIAL 768 576 567.783 384 288 -0.00700102
60 SIMPLE_RADIAL 768 576 563.799 384 288 -0.00140073
61 SIMPLE_RADIAL 768 576 566.458 384 288 -0.000335955
62 SIMPLE_RADIAL 768 576 563.04 384 288 -0.000139213
63 SIMPLE_RADIAL 768 576 565.083 384 288 -0.000692245
64 SIMPLE_RADIAL 768 576 565.294 384 288 -0.00274104
